epoch,Fidelity,KL_Divergence,Observable_XX_ev,Observable_XX_var,Observable_ZZ_ev,Observable_ZZ_var
1,0.31653234210426145,0.5097057550514584,0.5234400684245107,0.0004517833478376521,0.17438291691793534,0.0024502997762076073
2,0.28160524655373104,0.43405879868300623,0.3809493741072716,0.0006610440505745172,0.18128829866857535,0.0022757906392842442
3,0.33875912122096746,0.3472146224859853,0.6051465670065904,0.001092329329767668,0.1550149825694345,0.003523982193015406
4,0.39562299430856673,0.2697385868747966,0.8508844315246697,0.0028811576780285496,0.2843449981184645,0.0031394129298354975
5,0.42815779768089324,0.22849160195057522,0.777025954888383,0.004906821469099982,0.34281397182134643,0.006881224743480626
6,0.45167395210978867,0.19474841981581628,0.8318787057625098,0.006504537124339416,0.6369508097770701,0.009872265105750561
7,0.4810803884577111,0.17218060921508588,0.9819369340167635,0.005565385809919231,0.658664548614991,0.0031672813960397913
8,0.5125714184563267,0.15870211736736295,1.058416995305552,0.0033953280817778007,0.6603506498772477,0.00396955831946244
9,0.543581657946418,0.14375520052013868,1.0871197987117338,0.004619481769818322,0.6513484278148477,0.007378330275950931
10,0.5719467144062885,0.13412613026368078,0.9196775615704451,0.0027978294722462668,0.8146006946150347,0.004661583506914022
11,0.6034492961670023,0.12178889927663583,0.8692956328747041,0.0034858988078599355,0.6796755566442162,0.008211806696882248
12,0.6299658342392742,0.11085998672495855,0.7887060552858162,0.003693059975966738,0.8047466128305416,0.0038584848961061404
13,0.6532578953179368,0.1032402012294115,0.8804605089240125,0.0038385514744088845,0.889903708190236,0.003447868097090962
14,0.670497773974782,0.10595154038580712,0.9046289519359741,0.002659128712157356,0.7137980537397173,0.002896121816762949
15,0.6929442399066081,0.09044640983763073,1.0274318817232355,0.0034581313976186187,0.8671188534677542,0.0028564721595944796
16,0.7176949059307375,0.08410001538561296,1.1323384278203468,0.0024253365155833605,1.0460172793023539,0.0037650835040666025
17,0.7275394439536566,0.09909813666376038,0.902654617511891,0.002624055609895891,0.9430979642371643,0.0021595398425530987
18,0.7534292462015583,0.07545942094804704,1.076060814441834,0.0022402631264330486,0.8051861966331557,0.002497790265079776
19,0.7706993367225278,0.06680746057697375,0.9807391995372003,0.0021234634116538264,1.0000388093154042,0.0019281187126731093
20,0.7883642715652385,0.06680119727292355,0.8884074419588552,0.0016822084636765806,0.8974741942375103,0.0017998297332589464
21,0.8098226866352277,0.055966243414525864,1.1505900208481963,0.0017599152491290038,1.0504096293136762,0.0015972446610883293
22,0.8260132832010351,0.05010560774640641,0.9292909803115078,0.0021363880222820173,0.9999183627925786,0.0021949297893163766
23,0.8266604683672734,0.06067947657360487,0.9844152198327734,0.0013866724652740934,0.8017275640038222,0.0019778807568817873
24,0.8481466497271206,0.04607803863740298,0.9219427459555684,0.0015241228061977244,0.9772679680532912,0.0015345675053959787
25,0.8518901290712333,0.047763981760015645,0.9030874940474803,0.0010508225130741275,1.0176549053722737,0.0015064597119926655
26,0.8708973930887406,0.03733831164074656,1.0492466078668092,0.0009138965241878605,1.050717782575004,0.0013152288124151838
27,0.8647682971241242,0.04488619947743734,1.1185117418358168,0.0011306489161828184,1.0683954787950378,0.0015292155400642071
28,0.8609369039347884,0.056922981448162296,0.9664174113735178,0.0010714249638166624,1.0030470874684942,0.0014108532653972772
29,0.8906273494840361,0.03186420681905982,0.888357140569942,0.000791199730405207,0.9494849783698363,0.0013118186522585163
30,0.8744307633932996,0.06413627225859836,1.1044308692391132,0.0012349432590387443,0.9818239967136748,0.0010012583860553694
31,0.8916110901113169,0.03676128263481141,0.8770159756763048,0.0008107735410910684,0.9768382494704524,0.0012172149928737746
32,0.9063638112408678,0.026974070415572884,1.026116039049148,0.0008408507416677605,0.9273248918536291,0.0010001892640533114
33,0.9102692833442187,0.02655395254782775,1.0070144019350267,0.000726274631180104,0.9253090198311028,0.0007474753680354207
34,0.9110403329791685,0.027240867992291307,1.055324561373376,0.000807824203438746,0.870807669814277,0.0010048449360472384
35,0.9149813264996083,0.02549479667243347,0.9616430609565025,0.0006538684255833196,1.0781323158045006,0.0006608876053564269
36,0.9156843905189105,0.026332682548244515,0.9902844901412728,0.0006528876508524748,1.0095097664113841,0.0008836027341873618
37,0.9215120994299901,0.02350945632751626,1.1050590739444868,0.0006364431190036926,1.0198939874851438,0.0013422276162642177
38,0.921170408248137,0.0245216400395334,0.976550933288228,0.0008438639468411608,1.0201919847903198,0.0008011296001648636
39,0.9280748150568554,0.020910686838157912,0.9817689976280901,0.0010828546594251422,1.0703535590060065,0.0007302270340035389
40,0.9161686383191786,0.042500179297942586,1.0087908907136052,0.0008061725774685002,0.8919088683407057,0.0008390532024050183
41,0.9298650107198563,0.023911893686591905,0.9789194240640836,0.000777932903833063,0.9065402225727187,0.0006009776063584781
42,0.9318156799841147,0.020643317101506662,0.9814118288085562,0.0009101358336724496,0.9148609994620359,0.0007288907741124623
43,0.9329833497234231,0.02227092933603679,0.9138170012508285,0.0010019242839944507,1.078058644494204,0.0007675495384505495
44,0.9365310799524372,0.01977706263004633,0.9810913825800981,0.0006634092384125246,1.085969450228556,0.0006469435919203533
45,0.9383825869349817,0.01820286052463587,0.9760584567707378,0.0006166520895751768,0.9409081972221119,0.0008036355542704744
46,0.9393491519569594,0.018121018928317707,1.0334455056689933,0.0007680219386055437,1.0300826210942402,0.0007029009058210189
47,0.9401040729842146,0.018083390010550062,0.9348321167955089,0.0005604867474577646,0.9095698291302059,0.0005676832584597354
48,0.9418780841034106,0.01740737786469013,1.046378617166033,0.0010075336353992958,1.0056139661623413,0.0007383107173433695
49,0.9426408120376202,0.01735353975254213,0.980973433066287,0.000607011032510338,0.9680100604356969,0.0008345683612275588
50,0.9411253026716019,0.019045887351207394,0.9763972692955206,0.0007074968372107194,0.9859553137137188,0.0005782201510682137
51,0.9412321109577162,0.020397416855752457,0.968822072523539,0.0006292026725734446,0.9368697228445149,0.0007237670383761612
52,0.9425960375313964,0.018165903446340233,0.9825484703805765,0.0006354664307344459,0.948126013713642,0.0007318722090127707
53,0.9447009419756933,0.017111821772367475,0.9478536958276825,0.0006562050618819212,0.9968321352085051,0.0007134482910784803
54,0.9449777824939131,0.017357862746486666,1.048209850264038,0.0007481040033253142,1.0377508668761075,0.0008875698626478706
55,0.9422624683761064,0.022166731271532212,0.9177777315389224,0.0006356620999227157,1.0287492604945572,0.0006565511585001519
56,0.9403697252393955,0.028681032197003624,1.0053027790936553,0.0007965862101383986,1.0187441084126558,0.0006512055351177762
57,0.947011463978058,0.01683012821951731,1.0652280478997223,0.0003989518635819786,1.000037508918285,0.0005260304600328652
58,0.9500842821973182,0.015076134329209265,1.0202614571315103,0.00044025443704166854,0.9834375363378255,0.0006366859399405964
59,0.9484706927271574,0.017369306911265134,0.9693455616867019,0.0004746793343692785,0.9150403961966231,0.0007560378845083729
60,0.9484994621999147,0.018154794405789598,0.9668480007388642,0.0005583978109066795,0.9681252734122524,0.00062604579378728
61,0.9476262435448145,0.01748812057429562,0.9647026371844757,0.0005440281366165012,0.9651771859473421,0.0004235278656003606
62,0.9476797376361509,0.020846847592938263,0.9667110895456091,0.00045521697177426255,0.984225288748924,0.0006125230060269447
63,0.9497742251814268,0.01677703724975283,0.9078701616966394,0.000489491909273118,1.00772632371558,0.0006948172339768846
64,0.9513832244431513,0.016569522368067177,1.0667610255310338,0.000452073053245696,0.9170892567999689,0.00071064431230505
65,0.949897864647242,0.01741365444747853,0.9308188213528165,0.0006419079402381468,1.035144689499092,0.0006717211641705857
66,0.9521506750664399,0.015279253104752866,1.0965902546306465,0.0005536247245452405,0.9849015313754313,0.0005405565428636756
67,0.9519066171475442,0.015663323198470316,0.8860972788083787,0.0006511822652909608,0.9601170798320223,0.0006719069221410494
68,0.9524257025812445,0.015376909456956097,0.9953664111259158,0.000526490745267973,0.9908285485846835,0.0006194568863563589
69,0.9510212447167513,0.016069574301927705,0.9740081684386824,0.000540978507488945,1.1068533256415,0.0007393953506218673
70,0.9498158298522074,0.020728265814428843,0.9163787900476059,0.0004457208614803189,0.9969556498867359,0.0005253297201999268
71,0.9460087081278461,0.025874421766049607,0.9454261483758346,0.0005008502393473018,0.9962306893264491,0.000542329456967253
72,0.9514821907635661,0.01966384270161799,1.0646649815478566,0.00046524929887836573,1.0431990857208673,0.000590641126189468
73,0.9551100968143473,0.013881897068062914,1.0568280097717822,0.0005728458395935498,1.0103374608557638,0.0006361002915616859
74,0.9534782490522781,0.016073073861815286,1.01296610134436,0.0005172627163403172,1.0044979855605496,0.0005392076964637414
75,0.9563383391740179,0.013435404748343198,0.9456156487493264,0.00045851499498391875,0.9817948592513361,0.0005650467664741046
76,0.9571801930313751,0.013136649246758527,0.9661449453992307,0.0003671958364874695,1.0062684429286535,0.00040654997069088404
77,0.9564517064065525,0.013694332259300378,0.9849808008824181,0.0004793562185002376,0.9535100617894492,0.0006958468065444807
78,0.9549624409625717,0.01576736577603361,0.916229172127313,0.00046945083771009405,0.9095262860096293,0.0005989562026917057
79,0.9578917984032326,0.012976347963231586,0.9604331502977467,0.0003994022705541161,0.9737395271387151,0.0006103694916780512
80,0.9568759412326504,0.014128451633221541,1.0057843132061628,0.0006838972687095866,0.9260673390841456,0.0005573348053108679
81,0.9578251297464926,0.013451868606713373,0.9501020604646243,0.0004782937611366173,1.0041891124795723,0.0007855398645479464
82,0.9575214572076903,0.013917484141241955,0.989596233720535,0.0003713882226074753,1.0176454324639073,0.0006319109202225107
83,0.9577265085678567,0.013642286774013456,0.9951768485560516,0.0006186541718281389,0.9076466440639681,0.0004514054012349601
84,0.9563562761300456,0.014682828926271053,0.9979558932615185,0.00042610605202257054,0.9257024809260394,0.0005388046443941764
85,0.9557496254711486,0.015494613944428895,0.9967395894010765,0.00045922488252751395,0.9953541164430338,0.0003896385202162571
86,0.9580948257487181,0.015358774152427368,1.028105138870658,0.0006016873683766657,0.910711692971264,0.0004144313163058201
87,0.9577816211022764,0.014754471199928244,0.9128324721274681,0.00034512780566675974,1.0343082314571719,0.0006232782734351637
88,0.958805526500327,0.013845659444362002,0.9807853442676293,0.0004714235066634673,0.9625684267990628,0.0005970845509081575
89,0.9594695284945401,0.012663787229555253,0.9768155349710325,0.0005142688362290199,0.9434200489623943,0.0006272786373510973
90,0.9594317675652809,0.013300266318736487,0.9927206264036962,0.0003690174890646339,1.0323242716333947,0.0006741005922225915
91,0.9592961185786701,0.013003231262896375,0.9941313558226798,0.00038571915486684767,0.9190809146519322,0.00042631328491921186
92,0.9579639034922087,0.015528378342748882,1.012816606176313,0.0005037473407635647,0.9641320203376648,0.0005754160212618285
93,0.9554731721800058,0.01781480075850217,1.1723750150179872,0.00044578801269152944,0.9740938073496841,0.0005182946235943453
94,0.9574762195519637,0.014470264332072361,0.9969648860138653,0.00039397010480690854,0.9433929949383854,0.0005874097399648464
95,0.9601910482610871,0.012655343456948001,1.0505988969024382,0.00047345988356392517,0.9990723802243826,0.0004154951412010383
96,0.9596160917431719,0.013103531667038308,0.9850154904090972,0.000447402973719808,1.0298647771315563,0.0005893620341699725
97,0.9540241503258959,0.02245016694777698,0.9844040342436997,0.0004446399602479696,1.0318643253633792,0.0005272628621682836
98,0.9542176439996356,0.02041466312315792,0.9631025698118015,0.0005534742517648487,1.0636076856095593,0.000422217690190206
99,0.9602442969810433,0.01278951986897049,0.9765995908847453,0.0005001743151820499,0.9665627058962055,0.00033758239428968587
100,0.9598543760691083,0.013900384437016109,1.0462950650358709,0.00034718101587927306,1.008589023655307,0.00036010384481611655
101,0.9607890667710917,0.012442634790742455,1.0103134746276852,0.00041638371031909753,0.9834742109617783,0.0004745924960687948
102,0.9594685071560791,0.015152284927735508,0.9580715670301065,0.0005694633005322356,0.9546980771306792,0.00040889547333776785
103,0.9576737992880793,0.017990602254643058,1.0343337796024237,0.0002861972650670165,0.9830259061232091,0.0003964829747308009
104,0.9611259510697385,0.01306181021079162,1.0763741072270634,0.0004723700089573894,1.0430080303597171,0.0003870890244791131
105,0.957906180095003,0.016572390926304335,1.0197239723521032,0.0004014973519222595,1.0236982732097004,0.00039214388158782424
106,0.959113080896663,0.015180661091614546,0.8914846889235464,0.0004154257534906768,0.9779366511923685,0.0004500025831647871
107,0.9599905338779778,0.014472744185625176,0.9351663068225022,0.00045344887293911277,0.9165898059442514,0.00033721008418831984
108,0.9605128183597167,0.013450306300596133,0.9907288344092704,0.0002847999348123066,0.9780222776821952,0.00038615048937017674
109,0.9612025450922227,0.012843458413159025,1.0004184159634424,0.0003405583905675871,0.9753244045929805,0.00039265031692300713
110,0.9615553355545943,0.012329408383471852,0.9760763967076905,0.00044987449158740756,0.9137701201022197,0.0003553413195898755
111,0.9587740006358392,0.01581956319314352,1.0138603135852853,0.00034846304883500643,1.0128030635246699,0.00038705714479781496
112,0.9617390306726062,0.01233340132711812,0.9914075707405636,0.0004840259709292906,0.9472976013104786,0.00043043605380979204
113,0.9618036469960392,0.012217906023523906,0.9976057980497595,0.0003203046294936624,0.9981097793342568,0.0004599296757268054
114,0.961996481431412,0.01214152127917192,0.9943207092285851,0.00046119022878714086,0.9502367253242888,0.0005121314444497527
115,0.961363295963122,0.012487767732904189,0.9852258752291626,0.0004981647981551651,1.0023217213290596,0.0004400759047193211
116,0.9611830396354415,0.013632577033804839,0.9651437021457856,0.00026335383490507105,0.9425253044127784,0.00042455912728857895
117,0.9573762789450846,0.01918219498076949,1.0190691851495663,0.0003887097274044552,1.03042275284705,0.0005349567576199733
118,0.9615563241449052,0.01254216878049932,0.9966850532986636,0.000333369409657902,1.0179531298808202,0.0003488526631095542
119,0.9618728433827316,0.012373666754261485,0.9480298099534167,0.0003809778241975992,1.060263868199807,0.0005355262234323108
120,0.9619962624768335,0.012771322494248985,0.936099568451066,0.00040423061082615896,0.9685851931529712,0.00039349056312546165
121,0.9619493644760246,0.01230579885510018,0.9746825661877804,0.0002707116707608079,0.9655771990855891,0.00045752628898523335
122,0.9618186815219865,0.013133953579415035,1.0211732421491553,0.0004375467353758686,0.9883879073337688,0.0003050800427437895
123,0.958525161694207,0.01620575895719852,0.9906343869893733,0.0003398209439285879,0.9530482843488703,0.000406830493796123
124,0.9617086593022613,0.012597224895717622,0.95273259342538,0.0005561399907876,0.968285618917268,0.0005450347652747862
125,0.9606354761828907,0.013864434109704738,0.9445741118785621,0.00031287561391561653,0.9477841513185016,0.00034539879098206914
126,0.9619729204970497,0.012331401599666059,1.0039049064531822,0.00035420979271295135,1.0012006599466865,0.00041011383327459655
127,0.9571449741548625,0.020538336219306858,1.056700602460146,0.0004196838385953367,0.9783723339799384,0.0003453449051309974
128,0.9612989902532368,0.014295547574422307,1.03471826642965,0.00040878628127549846,0.9506412273170636,0.00032131780810297
129,0.9610283554616704,0.013450759098945084,1.0273307731195604,0.0003182914725246118,1.0386497703209903,0.0002506240169950963
130,0.9615216530212796,0.012930759217672678,0.9493809299557746,0.0003884985630264826,1.0707413493309308,0.0002933614001654265
131,0.960990616294895,0.014596512987016783,1.0252860575395661,0.0003539710458233642,0.9819294236123898,0.0003654543890323601
132,0.9609445433107374,0.013605729178751457,1.044027083278874,0.0002722037906682814,0.9821131371834065,0.0003789914544242909
133,0.961795701353443,0.012586164089195686,1.043996761081571,0.0004423279726435069,0.8612481449815822,0.00034353967491909817
134,0.9622803668791738,0.01245641365001308,1.0441362211775234,0.0003064064359020475,0.9700252262771257,0.0002993268804984553
135,0.960240427830135,0.01405834902115931,1.0516717008374348,0.00021835119959548002,1.0350867555326795,0.00032098928776647855
136,0.9615243945931149,0.01291709493241808,0.9692103116043025,0.000323416716037402,0.8968816115963406,0.00047844634771617936
137,0.9625072508253318,0.01209517936551706,0.9146592673550767,0.00029453277851315354,0.984829582753019,0.0003248337841623307
138,0.9625379113598679,0.012301245238555938,0.9998883457192903,0.00042341042060649884,0.9591068283042057,0.0003319344010519406
139,0.9614869990322162,0.014305749559620618,0.9873575753913177,0.0005216755217753869,0.9710260502769201,0.00045029566107386993
140,0.961685079601633,0.014031122382295043,1.0142338139170706,0.00039743562354753144,0.9746081401145128,0.00040996945579475425
141,0.9600728852394198,0.014780100746100651,0.9948111516751771,0.0002679889182463814,0.9735609457742908,0.0004122944569926892
142,0.9616782468451188,0.013502036731759882,0.9838875296596955,0.0003076730307495908,0.9276788258474803,0.0004280644467708667
143,0.9591181528616372,0.01759531445207094,1.0118349809927014,0.0003586028581877823,0.9923668353357461,0.00045916003871741856
144,0.9610167979513022,0.015367808159047999,1.0017634809353146,0.00033635392284343276,1.002674059439625,0.0004788724355364997
145,0.9627257698005944,0.01256834453329493,0.9589303575100873,0.0004178373995234432,0.9171036552270895,0.0003379909107314013
146,0.9626473361348804,0.012599713769508945,0.9468224373450278,0.0001768976962744594,1.0224125276954754,0.00034500271524676683
147,0.9629345103472483,0.012055595555220892,1.0185028904194215,0.0003326756727348819,0.9324965031629618,0.000490137238028926
148,0.9589124020473093,0.018534876097334483,0.9854550006180395,0.000245630038272264,0.9671415251603049,0.00037981480770081223
149,0.9613814492149967,0.014974446777555724,1.022145767004288,0.0004292207336265559,0.9379049690062898,0.0002690275967062568
150,0.962192414359043,0.013077387689909244,0.9971804965017783,0.0003164487937113541,0.9223022587701943,0.0003723351493977448
151,0.9622578377642376,0.01347228453343801,1.0294522629752563,0.00021325312925329443,0.9647258652374444,0.0003095903951633073
152,0.9610913416735614,0.013761651407505836,1.017365912131669,0.00041153225549245433,0.9774969614997867,0.0004207496823347647
153,0.960825135560329,0.015645857546518555,0.9820109125642095,0.0003238702052461636,0.9273894146979399,0.0004117917798021186
154,0.961690850108302,0.01395921813977193,1.015079119551042,0.00029613866739060517,0.9894308204957561,0.00037649589495518615
155,0.9626641468268893,0.01298987693861637,0.9900411434507153,0.000268610825118575,1.0502873745840304,0.00042524264189395465
156,0.961728647456793,0.013733098918183874,1.0472749281641438,0.0003236583651238709,0.9868926979084923,0.0003332934798879284
157,0.9626385174757065,0.012353165724343492,1.0212229687652048,0.00029404110144602897,0.9934252807887785,0.0003145290389274037
158,0.9625483928908461,0.012566947345075697,0.9329671912578805,0.00031885115749209336,0.9713540366490023,0.0003497779009358352
159,0.9620237862713382,0.012989551821219327,0.967463884124921,0.0003599414440006021,0.9957806352571547,0.00030605947386608295
160,0.9623914318681667,0.013190070531659806,1.0132525789318625,0.00022260119154281108,0.9645491446592256,0.0003724935861694682
161,0.9630334619163133,0.012027359079293469,1.0239504765697536,0.00039126166057164015,1.0143613806152953,0.0004309460689471635
162,0.9626049298340232,0.012915906798891172,1.0059281959296145,0.0003391058636570625,0.9660474495281851,0.0003473762535443101
163,0.9630848024268607,0.012211214054777356,1.0307686721074876,0.0004733272605715204,0.9786912963714831,0.00044230993095313397
164,0.962351338810557,0.012599307102973955,1.0187040289062343,0.000278078078943499,0.9899503562928775,0.00047069560436495183
165,0.9627717021874563,0.012707930303180428,1.0270785122591093,0.0002546199423515549,0.8935993366455464,0.00022648646517098536
166,0.9623516846948588,0.012599461294893236,1.0170000977807907,0.00030134187654230125,0.9749985905947945,0.0003457816577452477
167,0.9615719508788453,0.014778266330130265,1.0226676538396604,0.00038058987749161347,0.9251930050258225,0.0004851376190958293
168,0.961486655399971,0.014977279268060608,1.0722982401358614,0.0002996595880604886,0.9685803100797739,0.00040520026387266415
169,0.9621683142173186,0.013773349677454423,0.9778173376093728,0.0003316326412286299,0.9390763132975903,0.00037271158267252976
170,0.9615988671819198,0.014694879417736161,1.0309308427004826,0.0002993218390506715,1.0332493451043383,0.0004089540420901193
171,0.9626576968627583,0.012357984930841788,1.0211069008823082,0.0002580190130218209,0.959676100859145,0.000475747022781423
172,0.9596227436268588,0.017657290967193928,0.9883998264361721,0.00032475131214833314,0.9372168442221751,0.00031792411145871804
173,0.9626788355111094,0.012824350970171736,1.0498821316843128,0.0004153806417045307,1.0120549567184356,0.0002989047698760906
174,0.9626663628594425,0.01259355009004801,0.9485679034429655,0.00033672747011419295,0.965337336039657,0.0003100943892001626
175,0.9630244420925959,0.012102771653061999,1.019926463954478,0.00031139073501687715,0.9977550806605069,0.0003627007397175927
176,0.9600214744663085,0.017024932859668416,1.0676645232228286,0.00038697614955630574,1.0030244770263594,0.0003295022130140674
177,0.9610752269257392,0.01531067689930875,0.9755362942047378,0.0002886539266505267,0.9926841798599401,0.00039872906609077175
178,0.962880112898642,0.012550155961477953,0.9690360117088415,0.00032503420605116314,1.0063348562574206,0.0003685455633520087
179,0.9628540191543072,0.012486997588010739,0.9704051259599557,0.00022970384428985875,1.0404215966357475,0.00044369061830464886
180,0.9628272940606977,0.01267655749512411,1.050437130589344,0.0002640804496324461,0.9744162518921273,0.0002939066765686157
181,0.9628858959557931,0.012237795813469806,0.9849994532066985,0.00030299859901545417,1.0078403805776646,0.0003040226368887654
182,0.9624629927953472,0.012982570707508127,0.9894692495418589,0.00031628675548364465,0.9934080823791901,0.0003091623632105764
183,0.9618970427746543,0.013817548107906375,1.0544270545300363,0.00041140021833304416,0.9845002289031831,0.00032821117005446093
184,0.9628822600379835,0.012460102573538653,1.0079273484513107,0.00025575714983871594,0.9428229492484418,0.0002812225859303391
185,0.9618918239234618,0.01275815127576104,1.0309671597394754,0.000370487414363079,1.0049876573058425,0.0003579160752260365
186,0.9624344876247857,0.01259299654145047,1.0003647612672053,0.00024286174956653466,1.0756542228199677,0.00038132453695054934
187,0.9630181687976489,0.012308868517547804,1.0304433109092281,0.00029548495789552076,0.9564349854613723,0.00037755070218163786
188,0.9627815362985588,0.012937700566675845,0.9860948150565312,0.00033263448437939743,0.9490186084503337,0.0002977005298050425
189,0.9601887109916808,0.01716842211490795,0.9416850000199941,0.00038711484057259176,0.9886383616428213,0.0003208525717035153
190,0.9627981459255189,0.012416252735341256,0.9922435638694402,0.0002879817247958543,0.9397208809263891,0.00044127624885597597
191,0.9618242875402582,0.012909261706953883,1.039020960384568,0.00034523872540630056,0.986681534872879,0.00032789430027602303
192,0.9622316787476239,0.01378405820647604,0.9508391923002919,0.00024517733722534705,0.9815508504131967,0.00034559583867954825
193,0.9622207231036857,0.013995149934630148,0.970108444996911,0.00031863900829883445,1.0167604244860466,0.0002968715036503586
194,0.9621553243496442,0.014125961240766618,0.9748705922103541,0.00024405691358535782,0.9340237329619677,0.0004147904602426847
195,0.9624671599094431,0.013534461715107169,0.9576065188254587,0.0003344217129983435,1.022246494987164,0.00035855930143597817
196,0.9632660213338113,0.01213904152826121,1.0164445669153692,0.000313355534970723,0.9783463647235684,0.00036539654037652156
197,0.9632502441187478,0.012067383528957889,0.9683816655051594,0.00034095182535002534,0.9500273098576393,0.00039831148671469973
198,0.9628977949179107,0.01300481133847875,0.9956711056229152,0.00029671894033453757,1.0320695028751328,0.0002425929371947085
199,0.9622354419275446,0.014011395116992738,1.038769230230778,0.00027386012989438085,0.9808344639755083,0.0003130987174248901
200,0.9632701733826435,0.012056244763182419,1.0064526598511907,0.0002500608018000451,1.0184542034287114,0.00038583594785410744
201,0.9626903442219488,0.013178080509644629,1.0011507983326204,0.0003122933287426774,0.9483766587181138,0.0002441548174079782
202,0.962497425881444,0.013704291899573636,1.034710155825413,0.00028080184442861504,0.9298678825192191,0.0003283880392855046
203,0.9617873469245648,0.014876319139686678,1.002668103798957,0.00036535234961486293,0.9593189253995819,0.00036358526590467435
204,0.9632505945533343,0.012401474989044068,0.9610331665200862,0.00023868241213316705,1.0094845609955059,0.0004155482467740578
205,0.9627995588089874,0.013196408116285863,0.9634469432563542,0.00030122345510614037,0.9256520480183591,0.00033700996582429
206,0.9630315868845809,0.012656280317695785,0.9977384846114418,0.00022453035672200607,1.002285611494275,0.00022415683855212464
207,0.9627222897176696,0.013361842648437329,0.9771298561021048,0.0004183993340378559,0.9798484483455033,0.00029715593055175594
208,0.9633693839043445,0.012214789046616251,1.0319117842343852,0.00043485598333404223,1.0054171745703817,0.00032169784593177864
209,0.9630393688310833,0.012797854248158873,0.9753579463413916,0.00033255557108662667,0.9850941832401404,0.00036257861831164354
210,0.9625347017591246,0.013743276506975056,1.0470186153894456,0.00029798480815464704,0.9727024883196927,0.0002642948399860856
211,0.9632153075740774,0.01242660619491371,1.0323770624622628,0.00026149872401842094,0.9741675222083985,0.00040945805405904546
212,0.9620061899601329,0.014352631978696443,0.9833552857401684,0.0003551817747079791,0.9957675276907667,0.0003806515294280201
213,0.9629057906293873,0.013110249598936412,0.9459441786001459,0.00036340942830687323,1.0062728667843601,0.00039422827048924964
214,0.961986077333304,0.014562979204365643,1.0715542629810382,0.00032629837293312165,0.9410663454874423,0.00029851412320240633
215,0.9632622256688886,0.012282573446213394,0.9681126208017197,0.000350558440606754,1.0025048438300006,0.0003458131292476746
216,0.9632029524682652,0.012181195274747444,1.0095955899073867,0.00034431620618641766,0.9886514392537926,0.0003390500407839521
217,0.9629458494196151,0.012971514104835595,1.0116528354490824,0.0003208802561456057,0.941977145979567,0.00027581508705051366
218,0.9633673027630426,0.012191625419217268,1.0083623195794493,0.0003352149864759082,1.0076265429663382,0.0004312992339981067
219,0.9632513875233599,0.012509825999475255,0.9964496329400172,0.0002710853243812564,1.0289045128763386,0.0004077724856864918
220,0.9634959543079292,0.012034692002950856,1.0300807972295283,0.0002387313522967512,1.0240331030404357,0.00033675201095464377
221,0.9632648916476949,0.012494893298882821,1.0102362472608817,0.00025605354650081477,0.9426048767639296,0.0003848497721516417
222,0.9633805473325844,0.012137160960913353,0.9780917452157131,0.00028136757312669235,1.0454409358534973,0.00032462308130712207
223,0.9632632705619157,0.012186167832903086,0.9935947141706764,0.00019632829385890602,0.9612461304380979,0.0003423624531977383
224,0.9635633993567982,0.012032360955687901,0.9509915200308029,0.00032994534743810536,0.9310134367088702,0.0003675291410676315
225,0.9633540362812184,0.012083819903599623,1.0146929664126638,0.0002842654956885794,0.9227199223627918,0.00020973060102310502
226,0.9628385782011983,0.013331883995471114,1.0438324268230794,0.0003636749522136262,0.982803764911146,0.0004905088873056971
227,0.963454248634927,0.01230062432324556,0.9855575402351691,0.0002737393964749325,0.9846447167810732,0.00038215549673386483
228,0.962859306894232,0.012920880155034972,0.9776762250493471,0.0002935067840523065,1.0427598239285771,0.00029472506556307555
229,0.9634464040100427,0.012364955166608183,0.9356422466294642,0.0002689784867156016,0.9883131556592184,0.000348549285409156
230,0.9626458244719331,0.013700814012687709,0.9981999352777008,0.00027920661236160364,1.007538269617051,0.00036340377170534285
231,0.9632855637583141,0.012713715255330604,0.9733076650328105,0.0002624094056280824,0.948842141852373,0.0003561736308164977
232,0.9624120442966411,0.01408614949798221,1.0177208798745734,0.0002251565498362114,0.9643937232190258,0.00031990225045482545
233,0.9624240977646129,0.014131219540236365,0.9395506705938864,0.00030600740607233246,0.9911689448111243,0.0003399557239253731
234,0.9632821111262239,0.01269423074712022,1.0295293417735678,0.00018197794792756288,0.952774033008023,0.00023993360283293294
235,0.9623876767301929,0.014190501522176983,0.953553044969216,0.00037217024350886423,0.9954186977948739,0.0003744981609318503
236,0.963348107597713,0.012540499613174223,1.0410254100718725,0.0002852403302542923,0.9643006844833437,0.0002735441692896975
237,0.9633218335560352,0.01253129378532574,0.9716045873099067,0.0002241706008587683,0.9756876547152296,0.00037661900334424347
238,0.963104034616602,0.012998916561567486,1.0536311149182318,0.0002414759875731793,0.9362593978157135,0.00034290672028919014
239,0.9635261590575861,0.012241408250341935,0.9580791273617151,0.00024523997004470126,0.9709941618897578,0.0004052420976424914
240,0.9635677516008644,0.012061413549227665,1.005108774492462,0.0003197800277919759,1.0424957572472922,0.00033004034198455345
241,0.9634010326424174,0.012612269792305132,1.0619014983662,0.0002798684048807462,0.9614126025926031,0.0003927665813840719
242,0.9616064707297755,0.015560510274681342,0.984074683390448,0.00020800034063744763,0.9562497950717747,0.00044752561431615296
243,0.9627344928057571,0.01357069263233394,1.041742871524075,0.0004165252351040461,0.9562431277915335,0.0004355737455804812
244,0.963699363849869,0.01204838629127082,0.9801975685202495,0.00025088692347664354,1.0038491076553093,0.0004131573341497225
245,0.9637118238651345,0.012011389178298483,1.0435605733470672,0.00024038159545324017,0.9520102644018421,0.00021642085303842347
246,0.9631275875425905,0.013124061305310507,1.0297396377671497,0.0004033747429801607,1.0365348828265373,0.0004139828890783647
247,0.9630960519429778,0.013194166832506047,1.0021656459538784,0.0003783100545446451,0.9624997468058833,0.00043243412488305056
248,0.9625143253249364,0.013964342183467537,1.0129712945571603,0.0002722897802601583,0.9693351923401732,0.00036128942900603875
249,0.9620276871312017,0.014851511366646149,0.9881870778026949,0.0003036345436007119,1.039140170965632,0.00026245379103872584
250,0.9621075970520018,0.01475577428320591,1.0205671310618758,0.0003620143719189395,0.984123954605163,0.0003203575273345245
251,0.9625655244657273,0.01405861555393717,1.003547325379115,0.00033401744458139734,0.9941123705440342,0.00031450383573660876
252,0.9627184952467984,0.013795505267998566,0.9675073236751469,0.0003172269790936753,0.9920096015170603,0.0003193864871202761
253,0.9628135888215424,0.01372395762126915,1.0090384606191902,0.0002673968265297493,0.9435086871437327,0.00026961689269940477
254,0.9626908828473011,0.013929828552080506,1.0613048359419166,0.00021765365647301015,1.096534628955785,0.0002784955374922143
255,0.9615919043328878,0.015677485920778653,0.9487929844729072,0.00024655783432839875,0.9709406467287204,0.0003534039146155796
256,0.9633460234947895,0.012824995309430523,0.9709704405736633,0.0002666829061364724,0.9697549963287633,0.00031807630581258655
257,0.9636874134108836,0.012112248374974896,0.9786549220321875,0.00025574385505287487,0.9506506060498948,0.00027060933295955755
258,0.9630179857023139,0.01339559943702716,1.0183033421600285,0.00041224924987935246,0.9248262676458769,0.00031717193209303236
259,0.9628111416936573,0.013697268086597067,0.9709882975449758,0.00024075194708262357,0.9982349778090707,0.00036286619187582463
260,0.9627762436503421,0.013778673758064606,0.9415604220083494,0.0002710479836897346,0.9629770457331616,0.00032185013037094087
261,0.9636311935490963,0.012309816909354386,0.9403812250051133,0.0002763897378623228,0.9984312379842804,0.0003961731194621798
262,0.9636587099875812,0.012342457206991342,0.9775832120472463,0.0003089698762597038,1.0159375678346598,0.00027595770800524613
263,0.9628304967988908,0.013800605243839846,0.9951063468107358,0.00028568499897304634,1.0010974783466695,0.00038957916112029753
264,0.9629676502939479,0.01362138462006262,1.0450022258208285,0.0002605097342194764,0.9892280282946464,0.0002653595788894219
265,0.9634525024795231,0.012794161423395881,0.9696240342156645,0.000264067222872997,0.9886433062197453,0.0004340223724920648
266,0.9616031045091343,0.015843499426549095,0.9858091768011655,0.00019791192612713329,0.9360650352978896,0.00036492199666282663
267,0.9613373317240941,0.01625736714140015,0.9845448980696423,0.0002638077148017744,0.97092670723105,0.0003414073888655289
268,0.9633350024245686,0.013099587914741147,0.9749228002927378,0.0002550241093716212,1.0066123897578159,0.00029061467330961566
269,0.9638128608895266,0.012279071677741707,1.0054828393057846,0.00020814944596307864,1.028346975250083,0.00032782859531105057
270,0.9636725365341223,0.012535226081475849,0.9604871441040128,0.00019200678075276305,1.0069658359401963,0.0004739730121973769
271,0.9633772394783707,0.013116132440390869,1.009647910011227,0.0002572303256576387,1.0140267150449376,0.0002289052700239431
272,0.9635721763344675,0.01277450884525808,0.9994485388259287,0.00024143901050121037,0.9537146458800111,0.0002485325718887322
273,0.9637776977200808,0.01236289171999917,1.0072563224950486,0.0002497110319754301,1.0330363347374032,0.0002888294368984713
274,0.9636888953165399,0.012569746182785009,1.0158674400765717,0.0002855273184674733,0.9848370818785597,0.00044472097495979607
275,0.9637314307872634,0.012484192492830368,0.9861175146559761,0.0001979582685778119,0.9227922497171448,0.00044416343179724707
276,0.9636706010075762,0.012599058611512622,1.038785671161802,0.00027590127908286413,1.0071803090496285,0.0002605413616912617
277,0.9633027318791122,0.013269793537778117,0.9897689000551151,0.00028266988966211583,0.9908298924948358,0.00028166782037194484
278,0.9626667779232122,0.014316944138152,0.9718720513726679,0.0002822858245848819,0.9583252508320217,0.0002674800461981254
279,0.9630587488369114,0.013677683217451985,1.02193660082581,0.000291070895923036,0.9532858251983325,0.0002597214325001777
280,0.9631358243637759,0.013541201371648283,0.9596698184248207,0.0002655835303359586,0.9803532558235013,0.0002499491324075778
281,0.9632192281739921,0.013389626810992662,1.0265164957903739,0.00031383007856102766,0.943040410839994,0.00019066081409571857
282,0.9636234765285897,0.012777688669785495,1.0087013617368044,0.00019924082010666226,0.9703015177049452,0.00029375162943411505
283,0.9631340157027225,0.013606320762252952,1.0054016687915617,0.00033774939090807076,1.0058471980275907,0.00026211506039449024
284,0.9630021943690125,0.013800841656166586,1.0398407822964106,0.00022549611236767858,1.002249363031979,0.00032579433435760244
285,0.9630569353727494,0.0136891968817116,0.9275919222486847,0.00025717153444988755,0.9673006573680994,0.00023854409874966178
286,0.9631671176896435,0.013468502834496077,1.0201116683302551,0.00025078399093753437,0.9705025421493695,0.00042864232947360857
287,0.9629441653269216,0.013900635387834419,0.9858767707763183,0.0002175847418864939,1.0091102375150556,0.0002741490164097577
288,0.963100526653555,0.013610627521609575,0.9762973816732737,0.00028384663755080277,1.058308574261515,0.0003474926873345278
289,0.9635942224934325,0.012745980248461556,1.024972426817721,0.0004032048448485326,1.0080888703712576,0.0003246906193318627
290,0.9636502669387697,0.012632935908148006,1.0004703814052005,0.00024054614200583237,0.9612148160077925,0.00036487800057764054
291,0.9635794630970227,0.012745805994473601,1.0209239295429084,0.0002726183429446438,1.0111735586321375,0.000350085388333412
292,0.9630651768235668,0.013657345848780398,1.014852629782671,0.0002838707285957891,0.985353649358821,0.00029620740236275335
293,0.9631681934084834,0.013481587630188327,0.9840886550291839,0.00024956925005928263,0.9819499623592586,0.0003180598164239059
294,0.9636456524078553,0.012634534444351043,0.9678007516739278,0.00034232258254744094,0.9817592846401751,0.00048808570556658766
295,0.9635048332046661,0.012904342777583813,0.9585438940446519,0.0003035123298096189,0.9909864892183053,0.00031259178631520764
296,0.9637458279051451,0.012464175043866592,1.013656611487775,0.0002235084429239047,1.011300699538335,0.0003197603906467312
297,0.9635183660063528,0.012893625626847482,0.9353129772690049,0.00024971410822315543,0.9579422422593666,0.0003858708895603766
298,0.963773027818143,0.012405265948996417,1.009701790888913,0.000418310921772553,0.9616800668356374,0.00029233485979492964
299,0.9634172671992003,0.013105313492547252,1.0220572710386528,0.000256047624730153,0.9965911936025974,0.00027610329481631197
300,0.9638643611304017,0.012292176010461238,1.0287557260831923,0.0002981711132832866,0.9619623192851919,0.00023645974002378618
301,0.9639231094942117,0.012143782511179832,1.0052199167847975,0.00024689815222534166,0.9618299443013676,0.0003796731176419737
302,0.9632892773800822,0.013272260721567767,0.9811010478683145,0.0002439627359963402,0.9746280899247389,0.0003456200062054839
303,0.9636519725726466,0.012625487505377127,0.9441492962958296,0.0002674099203966466,0.9542805470595329,0.0003680577682230561
304,0.9638644727483134,0.012170917783601156,0.9993653500623798,0.00028402810576371964,0.9697131400298754,0.00033952325418266954
305,0.9638352193299886,0.012265077857954165,0.9976357112527622,0.0002022771342385118,0.9780582051110436,0.0003339102686096981
306,0.9638083383092769,0.012310370117601487,1.0481096074709635,0.00019829843294392202,1.0177306406941213,0.0003233505538958967
307,0.963591804194632,0.012703434874218668,0.959160201121662,0.00021599711030381125,0.9892567940454724,0.0003409093242363878
308,0.9635946734012873,0.012677557603076452,0.9349668134271683,0.00027872870221589915,0.9744213167705663,0.00038649426348425365
309,0.9633538428355588,0.01308240344760213,1.0404486341841799,0.00036033844451657625,1.055053878871164,0.00034691027686136686
310,0.963289601478271,0.013224452336745383,0.9668171881279948,0.0003620299270566944,0.9594164365520499,0.0003877660197513266
311,0.9624387678734182,0.014574612513820171,1.0432613199609964,0.0002405770068472688,0.9305963523688429,0.0004422724996210948
312,0.9611497212559483,0.016604590285096286,0.9791120147064618,0.0002971816964764147,0.9633009344174895,0.00031871735729107665
313,0.9608279632936321,0.01712068875388035,1.0257936628154796,0.00029860331680653504,1.0115350468717517,0.000315764247879607
314,0.9622787300643623,0.014877916803372075,1.003826789707967,0.00023330632137620946,1.0046165998485257,0.0003872327761747413
315,0.9634208477125326,0.013033317515094622,0.9912294630025912,0.00024067373968437268,1.0041253822346807,0.00040223232287092415
316,0.9634726580442052,0.012936974327403273,0.9997950081171466,0.00029847048199613176,0.9948803871528158,0.00025526947292026087
317,0.9636127941015048,0.012683617888620626,1.0146497306466857,0.0003142269947261299,1.0395817051404281,0.00033506198409877556
318,0.9636767564752955,0.012546132240417167,0.9616964651910332,0.0003036503517368023,0.9551613970559596,0.00033549978020686386
319,0.963696507581771,0.012509300765475493,1.0129084788069487,0.00019871965777302778,0.9826636496024396,0.0003233423664617927
320,0.9638268770648621,0.012246325726879139,1.0213013278902705,0.000304978413290325,0.9260649465600678,0.0003344880303014428
321,0.9633956606324429,0.013077985045463314,0.9706938433328509,0.00022573530826681352,0.9605613482513339,0.0004407850140231148
322,0.963843446738595,0.012271613405078393,1.0082103920457346,0.0002602086252233428,1.0203910207067077,0.0003644103420313675
323,0.9639159765919562,0.012062516299390888,1.0113584786886298,0.0002715799377218331,0.9733472126554552,0.0002819259984699408
324,0.9638131564289824,0.012323993248493204,0.91566205854413,0.00018394335493463653,0.9583201364236664,0.00033510339395366944
325,0.9636184578441783,0.012698231996824405,1.0337189678016017,0.00023839757530588933,0.993534445681816,0.0003810801193638594
326,0.9637855500358551,0.012398126135356822,0.9871285088076648,0.00023364391943667449,0.9636436834579065,0.00036276792964097694
327,0.9638425026067486,0.012295356756332457,0.9632370808406131,0.0002947300097522033,0.9641878651983725,0.00029298111688005375
328,0.963419737954211,0.013088798830173689,1.026953675181273,0.0003328238680768884,0.9876222071467989,0.0002791936754104201
329,0.9635979411988973,0.012764798209252692,1.0354304824430154,0.0003364037585718979,0.9858323951194132,0.00021638270259910012
330,0.9638235833243745,0.012352071865732605,0.997519528721229,0.0002709507886386102,0.987287079212417,0.00027946985780855603
331,0.9634786725479826,0.012999799235597465,0.9345284219426223,0.0002124722432323408,0.9707187501434377,0.0003046289689263493
332,0.9637386231010999,0.012536841166371104,0.9481180113435451,0.0003332592584503012,0.9801338904397113,0.00023003169464174214
333,0.9638762356514368,0.01229325274716728,1.0121053857695619,0.0002618476664509446,1.000452242198721,0.0002956737469967901
334,0.9636957768717642,0.012673245489636949,0.9896616514054648,0.0002956524302090605,1.0230798554889138,0.00036492214538889466
335,0.9638317465086774,0.012428299997768387,0.9851420303072989,0.00018755218782162637,0.9192006726736676,0.00025759543882322743
336,0.9636398157643911,0.012779000619269756,0.9566179317748048,0.00026533924763371493,1.0148220821207525,0.00028284437340193365
337,0.9633852614911619,0.013220218902179504,1.0135927998231578,0.00019632095496629123,0.9776685828926855,0.00027603337518665504
338,0.9631106761633171,0.013666679478128965,0.9673566984840477,0.00022840524905048986,0.9713898154765003,0.0003974859620994045
339,0.9628748838878307,0.014075126752533949,1.0123471238385424,0.00037289655034338106,0.9937118051190875,0.0003243575077344618
340,0.9632170606524251,0.013520910737789086,1.0267361371027286,0.0002825119354586769,0.9946541697262256,0.00037898173454831586
341,0.9635387865488856,0.012993166161292449,0.9558344238085902,0.00022200335460195687,0.9824267762126577,0.00039916088272434644
342,0.9640054492259317,0.012106908247798044,0.9325107778379217,0.00022457910480312178,1.0340555513584513,0.00026444038609013383
343,0.964047949526013,0.012017828713287184,0.9877567932098326,0.00018234611229231862,0.9249837671060049,0.00026197446665725407
344,0.96400852369803,0.012110641510421603,1.021051918627343,0.0002771553320069003,0.9865287025854304,0.00019730658773790084
345,0.9640091888164022,0.012141902582449885,1.0040822515199488,0.00019395867497485044,1.042668827941411,0.00033042747786147847
346,0.9638992558748881,0.012363144570614555,1.018890243953325,0.00024757494831231,1.0153517929877787,0.00026189280988730414
347,0.9637375440848536,0.012645645898401052,0.9822069952112974,0.00027950205152465774,0.9919406614506534,0.0002900221793583085
348,0.9636736239658829,0.01276435902107858,1.0498379258280235,0.00031695296564263244,0.9975128570762123,0.00033286215203484886
349,0.9636614966897302,0.012816020472320618,1.0008344962781006,0.00029599982160336604,0.9649108303548084,0.0003457225715828566
350,0.9636548646048269,0.012860638846357329,1.0359478842245171,0.0002561128180604146,0.9218670744725764,0.00032100244405465804
351,0.9637322061548923,0.012742695054986585,0.9846544337861914,0.00018536165016173078,1.026721958990656,0.00030002009842417524
352,0.9628992673248513,0.014154964355100837,1.0095263263708976,0.0003136394948006692,0.9091388060902222,0.0003029541291537086
353,0.9629696682536879,0.01403906942957066,0.9945437685766202,0.00023162770533617617,0.9478846165801368,0.0002483525524939845
354,0.9622571446784275,0.015168231254742351,0.9797052249476135,0.0002666320885405808,0.9853155948895673,0.00020279298623325764
355,0.9630766182789772,0.013852680608615393,1.0211620965349195,0.00024548796138575244,0.9986411966738648,0.00034904565051079224
356,0.9626689536706154,0.014514984106667937,1.0007379288829616,0.0002908209747817793,1.0126729791544553,0.0002742330472588048
357,0.9631551101996655,0.013739783474931901,1.0010144609376859,0.000264420705664587,0.9788679600814119,0.0003252329355135933
358,0.9631846679557219,0.013695530921211181,0.9812728640309824,0.00019592812808648494,1.0015714568960286,0.00033147525984207344
359,0.9629749616489263,0.014046249830183618,0.9941056910146467,0.00023398247296608764,1.0060383694277628,0.00034569919686860024
360,0.963476452514793,0.013229143282077213,0.9960391858374082,0.0003034009833373221,1.0388088690613706,0.0002614787444960427
361,0.9635646923372201,0.013068717073067289,1.0171632218288111,0.0002108020551281501,1.0193991578983326,0.00029422725444661253
362,0.9632472565619796,0.013590676730858849,0.9662413102442292,0.0003237674381592149,0.9420270330635552,0.0004380090756505005
363,0.9634913629838173,0.013193518491173081,1.0259871084449048,0.00022546883302916896,1.0477410329924488,0.0002783111819954877
364,0.9635610400260045,0.013079164115481576,0.9941356851982701,0.0002573612397825023,0.9865357102452355,0.000415103024267801
365,0.9636730468793364,0.012887323983650199,1.046908700617635,0.00026041742553288013,0.9794367194085198,0.00025868944187823825
366,0.9639157588421722,0.012443979740180473,0.9669730001984681,0.0002066707223163525,1.0013540371217124,0.00016677059366435515
367,0.9636566451192244,0.012895019532873678,1.0487281838523814,0.00029047021357673223,0.9681255541516312,0.0002851115798072387
368,0.963599740945314,0.012999212201577884,1.0103541786962302,0.000211586096508215,0.9644559579446647,0.0003224511423963662
369,0.963575681734531,0.01304427210739545,0.9779672653492538,0.00014424296487721672,0.9694248069268478,0.00031671250846158515
370,0.9633067412107164,0.013499935708555677,1.0172173783510778,0.0002687071766538437,0.9346979388967257,0.0003110279450168845
371,0.9632993350662032,0.013519894777128227,1.0058339032201509,0.000303477889809642,1.026203676644558,0.0003420159604950589
372,0.9634919332303973,0.01319869079388515,0.9586781635724929,0.0002451613230692329,0.9779527297519555,0.0003245909476057805
373,0.9633256103476187,0.01348630104403745,0.9717849613036228,0.00027369787987589295,1.0215122324570833,0.00023517612966470394
374,0.9633895478141238,0.01338063360273387,1.0083471087496017,0.0002102542546701893,0.9814197155990524,0.00030319583135189425
375,0.9636397443350685,0.012975085276439695,1.0094615526779167,0.0002399748513061338,0.9872239047707808,0.0003131772469217262
376,0.9635817999347612,0.013082158160968792,0.9882195915403749,0.00025345324021954646,0.976305521547467,0.0003136256223393551
377,0.9638006352146178,0.01271019272341588,1.0341215611993486,0.00024113523111622077,0.9251517940198112,0.00029406193762776387
378,0.9636875066284825,0.01290145330199514,1.0324527851868903,0.000152316693069169,0.9277949338749644,0.00023874886329951128
379,0.963519260755632,0.013173777519094702,1.0521656918287663,0.00018090825093865627,1.032532122046447,0.00040185210903900223
380,0.963509136786848,0.01319232528735597,1.0575954840007291,0.00026241387781671404,0.997110777254392,0.00034401584919852436
381,0.9636379800823516,0.01295740934911771,0.9494410821356857,0.0002893852034701275,0.9504557877036498,0.00026768172504178895
382,0.9637811559983921,0.012722999034900631,1.0414614634594068,0.00023281526017066806,1.0288096254544274,0.00033275159673825836
383,0.9638588545010582,0.0126040508932336,1.0115986613126593,0.00018816353518498214,0.9545158411094667,0.00037795299572531744
384,0.9635882650600907,0.013060821974578474,0.9725469347073109,0.00030851152946644554,1.0138292547553793,0.00026698094793269945
385,0.9634840907661303,0.01323404524269298,0.9855984108900394,0.00021972836525952408,0.9767035506173066,0.00034769540820490057
386,0.9634840459316562,0.01323240711663872,1.018969325537826,0.00024091248244505453,0.9363979445396612,0.00028258575324216067
387,0.9635872562521066,0.01306494344646293,1.03448544814984,0.00024279316795884897,0.9604999026172106,0.00021864496083423416
388,0.9636771257340783,0.012911372553121359,0.9696908528303959,0.0002661821692628102,0.973883045036378,0.00039405122372082667
389,0.9635555458294706,0.013118730800805278,0.9443910215276982,0.00026335382238977414,0.9789753404948998,0.00040321081472527903
390,0.9635102489093468,0.01319290958584344,1.0443038993236402,0.0003196931271163127,0.9580364922632384,0.0003412003221224374
391,0.9636071907104115,0.01302444379964101,0.951588895000342,0.00020540316341012004,0.9866701331395535,0.00040335670722127433
392,0.9634796888832768,0.013238681517185213,0.9513235030573298,0.0002958682036914246,1.015109349327491,0.0003080533749399135
393,0.9633467586807684,0.013462393552587307,0.9935267218807811,0.0002050377194164071,0.9497253644911213,0.00031387865622036745
394,0.963098635748893,0.013860171632546912,0.936228128921705,0.0002914187385088515,1.0100170399906387,0.00028551640894136627
395,0.9635618504219681,0.013087969945575952,1.013938475621014,0.00018768104088676075,1.006929919639477,0.00037187829467042426
396,0.9634055038413243,0.013358944226015666,1.025080642521806,0.00018506085913168254,1.0304043323836174,0.0003545476624087217
397,0.9636652137329791,0.012919007281762282,0.9375238274575436,0.0002537449513650332,0.9875528365450743,0.0004328921407501844
398,0.9635403054440737,0.013129270395134415,1.0446109621883364,0.00028518960434687754,1.0109223955542834,0.00030061281631852386
399,0.9632244755597524,0.013665077100872922,1.020261813360657,0.0003439164278774163,1.0190802947353805,0.0002480169134984329
400,0.9631040089241427,0.013867016391735832,1.0149181160716645,0.00030580045951078083,0.9611994616254139,0.0002761122194082415
401,0.9634051628082984,0.013372977409345363,1.0129599861005338,0.00031583364845225924,0.9654389642398066,0.00042662616176252454
402,0.9634980512525692,0.013214923957918297,1.0385580447401064,0.00020890443938502767,0.9591124965813734,0.0002655554426004231
403,0.9635414167650581,0.013152395352656492,1.0488196320894527,0.00029085660202668266,0.9294554908513724,0.000350827290953288
404,0.9636187672670525,0.013019068118813001,1.0281999597840075,0.00031124092429604216,0.9965903346094573,0.00036166678475747506
405,0.9635369576965308,0.013172225684675513,1.0253086563614804,0.0002679513505718678,0.9824687125893402,0.00032751493993571346
406,0.9633033725168673,0.013562722406128979,1.032463350056328,0.00026187352880313104,0.9494945466361386,0.00032343450788719285
407,0.9634294228884421,0.013354447105653009,0.9889655386060785,0.0002466876198885087,0.9367828839427346,0.00040287919030672456
408,0.9632901144164946,0.013583878588284396,0.9526973252879386,0.00024723548579728505,0.971563031115263,0.00030443010103956605
409,0.9629841721042954,0.014094486962293576,0.9853026480645926,0.00024365166189053744,1.0374060025140819,0.00034007733406632066
410,0.9627765560850524,0.014428007337590346,0.9923625660194498,0.00025874516491360556,0.9941499996499898,0.0005395376783844216
411,0.9626149273812393,0.014693622930061193,0.9676344707224395,0.00022613317135192318,0.9108356264254039,0.0003832716116016124
412,0.9629449297711729,0.014175274484505174,0.955225555376891,0.00028233177863917617,1.059120864640361,0.00027689416099891106
413,0.9627881119622074,0.014422034381251385,1.0139882402027807,0.00022962816407037456,1.0144763156818082,0.0002629534293705732
414,0.9629143154268187,0.01422190071686908,0.9948251630482033,0.00018386537731923045,0.9618116597350597,0.0003402750526184225
415,0.9634156825483128,0.013399975672819796,0.986310087882019,0.00022943792521095942,0.9600729617441885,0.0003913963113601974
416,0.9633008166708251,0.013598736430878857,0.9639852178677086,0.0003592001545394013,0.9934583889807196,0.00029183223264857717
417,0.9635546482400994,0.01317437058918653,1.0382867511942624,0.0002918024705182192,1.0375848180240206,0.00030081600318298326
418,0.9635725459548091,0.013143927002813242,0.9829275883810519,0.00032296839710463555,0.9832876166434729,0.000364881092780663
419,0.9635376860234222,0.01322036169088218,1.0270743050543727,0.00023699518914883382,0.976959297557859,0.00034988559707104406
420,0.963610901765178,0.013108583475596328,1.0487799582161401,0.00021725618120932338,0.9480098960991409,0.00018009715316460138
421,0.9637493351504614,0.012868514524026535,0.9535239688560844,0.00022988962951340415,1.003304654690164,0.0002951984693992472
422,0.9638802759964685,0.012642649190625459,0.9985093767151033,0.0002687279233404925,0.9276618320849692,0.0004091135660744373
423,0.9639492642965575,0.012523039940185554,0.9981426214739506,0.0002763874661289081,0.9955110905279687,0.00029750762040275144
424,0.9639931463818248,0.0124388127557395,0.9837004109422403,0.0003090227809850758,0.9933378016847247,0.00034711177229691874
425,0.9639792965378239,0.012460716533734865,0.961911485597299,0.00023209716532204445,0.9376851917994486,0.00021756157618452147
426,0.963952983598536,0.012521959590683128,0.9639355350558131,0.00021668574372393857,0.9924452514510322,0.00025591271710491957
427,0.9639265216246314,0.012571818225502525,1.0514959976096723,0.0002710235323311071,0.9986143932883055,0.0002963015864404067
428,0.9639185496169188,0.012585349297836132,1.0002676756157154,0.0002918093150386833,0.9106758571173781,0.00033120186762346585
429,0.9640131370832707,0.012412660652117448,0.9851670280123803,0.00022379620889967348,1.0101937350724965,0.0002344577155252583
430,0.963933029263017,0.012577315005685473,0.9911666885562272,0.0002918901289673064,0.9815580758810993,0.0002683057871034934
431,0.9638368148290277,0.012754199967356938,0.9381006078284131,0.0002564850456900436,0.9754965197630083,0.0002879206912308871
432,0.9637294318623327,0.012933003381677145,0.9961853996749169,0.00028377504126639064,1.0007345873793754,0.0003770946472789935
433,0.9637321003490191,0.012925854846568496,1.0377024974386964,0.00021198075648120286,0.9452688939109697,0.000248924661682241
434,0.963825780657805,0.012758733924791012,0.9498304617578546,0.00025791224259313114,0.9589120373165404,0.0003515305966341351
435,0.9638123374883688,0.012783660369406738,0.9868599586196337,0.00038853453116617355,1.0267622146084259,0.0002694289892128476
436,0.9637876727388648,0.012825183026465983,0.9760580490277655,0.0002447511012624104,0.9907078830850576,0.0003698315205645315
437,0.9638014708863033,0.012803838719028472,0.9725454623379616,0.00024915608777133637,0.9887939962921396,0.00037083101807803095
438,0.9638648064466036,0.012686116218740766,0.9818817148695935,0.00030660036759743125,0.9442371342907121,0.00041406470077525267
439,0.9638636830039644,0.01268752187169337,0.9161331174067427,0.00024039891841107084,0.9801103655619707,0.00036284218257467813
440,0.9639164662241017,0.012591539420574869,0.9929490365846912,0.0002226718734686752,0.9305081060540332,0.00032194459676036303
441,0.9640101376488025,0.012419799782869938,1.026109436561753,0.00020197611768339057,0.9552068530495992,0.0002921939682209543
442,0.9639658482507002,0.012502586855363849,1.010664502064859,0.00020216685026959986,0.973092068217415,0.0002687944136821138
443,0.9639084602056912,0.012609848761644504,1.018780034629266,0.00026441359844689904,0.974008291023917,0.0003009623518873279
444,0.9639234791314965,0.01258005365418386,1.048078522671185,0.00021308581439656357,0.9683340005113226,0.0003152109111623281
445,0.9639268590088643,0.012572705789103054,0.9799028608365525,0.0002239813606542021,1.0129739580731547,0.00024533464839077477
446,0.9638804338748579,0.012656372372902168,0.9237207589215398,0.0003292228951531598,0.9927739950479396,0.00034731282198544695
447,0.9638332232507509,0.012747064934027465,1.005466572651382,0.0002853624483158988,0.9742609550971995,0.00029781842352618655
448,0.9638259831039496,0.012755039275253307,0.986504572102388,0.0002095216300126778,0.9572305956907596,0.0003096817636461341
449,0.9636016509121309,0.013146404392167077,1.0619708316772063,0.00022099999679366656,0.9479987066647368,0.0003159761142924173
450,0.9636492676878481,0.013067151393604877,1.012169493017075,0.000237624182979655,1.038407306325056,0.00028003448745295574
451,0.9636462166747046,0.01307148506692731,1.0838315553966993,0.0001629201852214031,0.9640855040933499,0.00022328940135938504
452,0.9635839640119026,0.013180768514404924,0.9889974830659368,0.0002194507501675917,0.9455344750579927,0.00030504430839004953
453,0.9635890433807396,0.013174427123413731,1.0433992644808767,0.000230749286316091,0.9673033940424876,0.0003631443074021577
454,0.9634515718542902,0.013410325184782468,1.0346302895021793,0.00027672219186989185,0.9843630214561647,0.00036969318022971964
455,0.9635519908953851,0.013244248454215556,1.0083749084947886,0.0003049186024841777,1.054273490953861,0.00018011144710710925
456,0.9635752241603196,0.013210930690424153,1.0130299318583125,0.00022995701475346503,0.9924518609504822,0.0002946656586333356
457,0.9636520387313928,0.013084969948524434,1.0195431728676008,0.0002635460209525938,0.9551510828498141,0.00043386876145595917
458,0.9634895239056289,0.013363464858491356,1.0503966796171904,0.00022156884438851416,0.9711717774447559,0.00033993598361932274
459,0.9634105952987239,0.013496821765685266,0.9294327390471336,0.0002754719833507906,1.04466667955127,0.00032332484639890143
460,0.963587330671976,0.013202000262273373,1.0144961182551937,0.00028461385231004396,0.9404562589617906,0.00025524715056504053
461,0.9634389954602692,0.013452579079592915,1.0138163914232285,0.00017482707783494908,0.9483831503755166,0.00030820170323767
462,0.963554689214581,0.013257654896004686,1.0142683337848322,0.00021775356837863872,1.0164532426797914,0.0003403350967705738
463,0.963608398811732,0.01316364044045225,1.0418096475025589,0.0002886777814552718,0.9869708368074122,0.00029242722520913
464,0.963646258727789,0.013101044724188283,0.9639874178277217,0.00019676498867077642,0.9452210652556031,0.0003043919100026908
465,0.963551795863998,0.013260920473179862,1.0146982863701295,0.0002521812030702431,0.9965887013888,0.0002989767907628545
466,0.9636458969788412,0.013106167502991366,0.9775904894776113,0.0002895060067558295,1.006269926482925,0.0003383431459142731
467,0.9636310879942602,0.01313541246033429,0.9892903346367264,0.0002665882580912053,1.0017955284001012,0.0003222667783315633
468,0.9636818343898269,0.013054426655782603,1.0348704168607328,0.0003265096096965993,0.968167531684042,0.00041473721265268863
469,0.9636118936053794,0.013168590026493867,0.9678920967692866,0.000235807449539773,1.013207863422772,0.00023577513324187502
470,0.9636203798920825,0.013157223109009845,1.0464853827263678,0.00026361811516354414,0.9591263284026085,0.00025050115563194367
471,0.9636913605698094,0.013033592180522616,1.0042891965158853,0.00021475580643753422,0.9582300006690457,0.0003723601296143461
472,0.9637075952378881,0.013007868305402718,1.0252001970524685,0.00023311734726840153,0.9342428569078635,0.0003738328224791115
473,0.9636753248152962,0.013065681911967763,0.9938710601270012,0.00021021021912530713,1.0257324838948365,0.0004738122578402262
474,0.9636573256120579,0.013096842779708536,0.9907209474861232,0.00024873523087095114,0.9518746250554538,0.0002973748587921904
475,0.9637693407646181,0.012907972644147052,0.9495574849892201,0.00018576326343912544,1.0220951491102204,0.0002903138057772843
476,0.9637356090716351,0.012966438758578317,1.0012575227151836,0.0003035596099456373,1.0068796662009876,0.00044693730209320885
477,0.9637229186198645,0.012986238087334777,1.014136560492889,0.00018259571401085028,0.9670120126988667,0.00032145612577596865
478,0.963613668073492,0.013165667846806272,0.977532466372044,0.0002368525652993027,0.9489654197057611,0.0002673748453849936
479,0.963750691522801,0.012933777879228558,1.0201250910055628,0.00031202651404647034,1.0033180596582285,0.00024409091081558978
480,0.963779105535374,0.012885201795736415,1.0189743793688073,0.0002771335640248667,0.9608874719066102,0.0002545981521336017
481,0.9636703393333751,0.013071747850828232,0.9619386722759736,0.0001672371999365779,0.9751076975041456,0.00029487119295637656
482,0.9636768349404922,0.01306328200974115,0.9870463588043398,0.00030688375862763704,0.9035484580193487,0.000318847669820872
483,0.9636373690970189,0.013132589920923192,0.9318041011259397,0.00021900994674678166,0.9177848356920946,0.00027936687133572636
484,0.9635628342775163,0.013260922039264149,0.9831867694103595,0.00018680661004485667,0.9496970185807824,0.00024141434586812298
485,0.9635156615569389,0.01334160414684973,1.0170286378139286,0.00022791017811831036,0.9762442302449503,0.0002667859006956101
486,0.9635855199550235,0.01322276138641835,1.0267109380313315,0.00035166691594199796,0.9256307275347134,0.00026695014281357575
487,0.9636992337797001,0.013032438195811766,0.9923712898309982,0.0002841712773275793,1.0085724881186038,0.00030149456294218134
488,0.9637550232329467,0.01293842279171415,0.9612086906724104,0.00024754118695657023,1.0068902052047515,0.0002515709781727073
489,0.9637667197605932,0.012920742220923062,0.9350742500402489,0.00024962544186098087,0.9968280891794639,0.00030074813786832265
490,0.9636736178190595,0.013086485149130985,0.9838461101881089,0.00023872906029414074,1.0480681734861332,0.00031935477155598435
491,0.9636750834067311,0.0130843113011089,1.0837315799027705,0.00011801597609855891,1.0071075519876722,0.0003529832549814311
492,0.9637321511706335,0.012986685586254536,1.039709299111944,0.0002656369918197036,0.9900620629951326,0.000210854256806288
493,0.9638147788160111,0.012843606115123215,1.0071526484626703,0.00019890171771958323,1.0060861782949373,0.00023429680251828942
494,0.9638180612792657,0.012847090405204042,0.9778458797892797,0.00030459168920597663,0.9802194875109801,0.0002159800170855953
495,0.9637562441235087,0.012954429052983656,1.0121621848708169,0.00023846690032900246,1.073947652581192,0.00028113858572858
496,0.9636932646544564,0.013063172220238265,0.9978810581203155,0.000301916994733704,0.9723780655832972,0.00022330917990788396
497,0.9636837500937621,0.013081946661294783,0.9712353851559736,0.0002780525698634881,0.9787824671076328,0.0003518860356002511
498,0.9635882248115089,0.013241427441147128,1.0238673342486482,0.00018911191796347227,0.9479653650736561,0.00031381998133644175
499,0.9636115824101706,0.013199375742618572,0.9871174863012658,0.00027526491721552895,1.009727885700939,0.00035428530487299434
500,0.9636559044060359,0.013128516031163507,1.0148606340797859,0.00020853675914293623,1.032929605290637,0.00033304240110063787
